grid rep
2 7 9 10 8 1 1 4 6 9 6 
7 2 8 6 7 1 2 6 8 3 7 
6 4 8 2 1 6 3 7 3 5 5 
3 8 5 6 5 1 6 4 3 1 6 
10 8 7 6 1 3 6 3 1 2 6 
1 7 6 6 3 1 2 5 1 4 10 
8 2 1 1 2 5 4 1 5 3 7 
10 2 4 5 7 5 4 3 8 5 4 
10 1 8 8 2 2 1 8 7 1 8 
5 6 3 7 1 2 4 6 7 2 9 
4 1 9 4 6 8 6 5 7 5 0 
Number of iteration: 50
Initial function value :9
2 7 9 10 8 1 1 4 6 9 6 
7 2 8 6 7 1 2 6 8 3 7 
6 4 8 2 1 6 3 7 3 5 5 
3 8 5 6 5 1 6 4 3 1 6 
10 8 7 6 1 3 6 3 1 2 6 
1 7 6 6 3 1 2 5 1 4 10 
8 2 1 1 2 5 4 1 5 3 7 
10 2 4 5 7 5 4 3 8 5 4 
10 1 8 8 2 2 1 8 7 1 8 
5 6 3 7 1 2 4 6 7 2 9 
4 1 9 4 6 8 6 5 7 5 0 
Final function value: 7
Number of iteration: 250
Initial function value :9
2 7 9 10 8 1 1 4 6 9 6 
7 2 8 6 7 1 2 6 8 3 7 
6 4 8 2 1 6 3 7 3 5 5 
3 8 5 6 5 1 6 4 3 1 6 
10 8 7 6 1 3 6 3 1 2 6 
1 7 6 6 3 1 2 5 1 4 10 
8 2 1 1 2 5 4 1 5 3 7 
10 2 4 5 7 5 4 3 8 5 4 
10 1 8 8 2 2 1 8 7 1 8 
5 6 3 7 1 2 4 6 7 2 9 
4 1 9 4 6 8 6 5 7 5 0 
Final function value: 2
Number of iteration: 500
Initial function value :9
2 7 9 10 8 1 1 4 6 9 6 
7 2 8 6 7 1 2 6 8 3 7 
6 4 8 2 1 6 3 7 3 5 5 
3 8 5 6 5 1 6 4 3 1 6 
10 8 7 6 1 3 6 3 1 2 6 
1 7 6 6 3 1 2 5 1 4 10 
8 2 1 1 2 5 4 1 5 3 7 
10 2 4 5 7 5 4 3 8 5 4 
10 1 8 8 2 2 1 8 7 1 8 
5 6 3 7 1 2 4 6 7 2 9 
4 1 9 4 6 8 6 5 7 5 0 
Final function value: 5
Number of iteration: 1000
Initial function value :9
2 7 9 10 8 1 1 4 6 9 6 
7 2 8 6 7 1 2 6 8 3 7 
6 4 8 2 1 6 3 7 3 5 5 
3 8 5 6 5 1 6 4 3 1 6 
10 8 7 6 1 3 6 3 1 2 6 
1 7 6 6 3 1 2 5 1 4 10 
8 2 1 1 2 5 4 1 5 3 7 
10 2 4 5 7 5 4 3 8 5 4 
10 1 8 8 2 2 1 8 7 1 8 
5 6 3 7 1 2 4 6 7 2 9 
4 1 9 4 6 8 6 5 7 5 0 
Final function value: 3
Number of iteration: 2000
Initial function value :9
2 7 9 10 8 1 1 4 6 9 6 
7 2 8 6 7 1 2 6 8 3 7 
6 4 8 2 1 6 3 7 3 5 5 
3 8 5 6 5 1 6 4 3 1 6 
10 8 7 6 1 3 6 3 1 2 6 
1 7 6 6 3 1 2 5 1 4 10 
8 2 1 1 2 5 4 1 5 3 7 
10 2 4 5 7 5 4 3 8 5 4 
10 1 8 8 2 2 1 8 7 1 8 
5 6 3 7 1 2 4 6 7 2 9 
4 1 9 4 6 8 6 5 7 5 0 
Final function value: 5
Number of iteration: 3000
Initial function value :9
2 7 9 10 8 1 1 4 6 9 6 
7 2 8 6 7 1 2 6 8 3 7 
6 4 8 2 1 6 3 7 3 5 5 
3 8 5 6 5 1 6 4 3 1 6 
10 8 7 6 1 3 6 3 1 2 6 
1 7 6 6 3 1 2 5 1 4 10 
8 2 1 1 2 5 4 1 5 3 7 
10 2 4 5 7 5 4 3 8 5 4 
10 1 8 8 2 2 1 8 7 1 8 
5 6 3 7 1 2 4 6 7 2 9 
4 1 9 4 6 8 6 5 7 5 0 
Final function value: 2
Number of iteration: 4000
Initial function value :9
2 7 9 10 8 1 1 4 6 9 6 
7 2 8 6 7 1 2 6 8 3 7 
6 4 8 2 1 6 3 7 3 5 5 
3 8 5 6 5 1 6 4 3 1 6 
10 8 7 6 1 3 6 3 1 2 6 
1 7 6 6 3 1 2 5 1 4 10 
8 2 1 1 2 5 4 1 5 3 7 
10 2 4 5 7 5 4 3 8 5 4 
10 1 8 8 2 2 1 8 7 1 8 
5 6 3 7 1 2 4 6 7 2 9 
4 1 9 4 6 8 6 5 7 5 0 
Final function value: 3
Number of iteration: 5000
Initial function value :9
2 7 9 10 8 1 1 4 6 9 6 
7 2 8 6 7 1 2 6 8 3 7 
6 4 8 2 1 6 3 7 3 5 5 
3 8 5 6 5 1 6 4 3 1 6 
10 8 7 6 1 3 6 3 1 2 6 
1 7 6 6 3 1 2 5 1 4 10 
8 2 1 1 2 5 4 1 5 3 7 
10 2 4 5 7 5 4 3 8 5 4 
10 1 8 8 2 2 1 8 7 1 8 
5 6 3 7 1 2 4 6 7 2 9 
4 1 9 4 6 8 6 5 7 5 0 
Final function value: 2
Number of iteration: 10000
Initial function value :9
2 7 9 10 8 1 1 4 6 9 6 
7 2 8 6 7 1 2 6 8 3 7 
6 4 8 2 1 6 3 7 3 5 5 
3 8 5 6 5 1 6 4 3 1 6 
10 8 7 6 1 3 6 3 1 2 6 
1 7 6 6 3 1 2 5 1 4 10 
8 2 1 1 2 5 4 1 5 3 7 
10 2 4 5 7 5 4 3 8 5 4 
10 1 8 8 2 2 1 8 7 1 8 
5 6 3 7 1 2 4 6 7 2 9 
4 1 9 4 6 8 6 5 7 5 0 
Final function value: 2
Number of iteration: 50000
Initial function value :9
2 7 9 10 8 1 1 4 6 9 6 
7 2 8 6 7 1 2 6 8 3 7 
6 4 8 2 1 6 3 7 3 5 5 
3 8 5 6 5 1 6 4 3 1 6 
10 8 7 6 1 3 6 3 1 2 6 
1 7 6 6 3 1 2 5 1 4 10 
8 2 1 1 2 5 4 1 5 3 7 
10 2 4 5 7 5 4 3 8 5 4 
10 1 8 8 2 2 1 8 7 1 8 
5 6 3 7 1 2 4 6 7 2 9 
4 1 9 4 6 8 6 5 7 5 0 
Final function value: 2
